1010546038
789501283
1005293754
837065831
1008643045
1104186262
1121402977
1054327253
1123535557
1121095513
1155790209
1155790207
1136302045
1157406411
1157407162
1048125775
1134689811
1134684629
1134680338
1094288189
1155702792
1155699592
1074699094
1088195561
1085547107
1104617174
1035872313
837081749
1014856832
1010546038
789501283
1005293754
837065831
1008643045
1104186262
1121402977
1054327253
1123535557
1121095513
1155790209
1155790207
1136302045
1157406411
1157407162
1048125775
1134689811
1134684629
1134680338
1094288189
1155702792
1155699592
1074699094
1088195561
1085547107
1010546038
789501283
1005293754
837065831
1008643045
1104186262
1121402977
1054327253
1123535557
1121095513
1155790209
1155790207
1136302045
1157406411
1157407162
1048125775
1134689811
1134684629
1134680338
1094288189
1155702792
1155699592
1074699094
1088195561
1085547107
1010546038
789501283
1005293754
837065831
1008643045
1104186262
1121402977
1054327253
1123535557
1121095513
1155790209
1155790207
1136302045
1157406411
1157407162
1048125775
1134689811
1134684629
1134680338
1094288189
1155702792
1155699592
1074699094
1088195561
1085547107
1104617174
1035872313
837081749
1014856832
1010546038
789501283
1005293754
837065831
1008643045
1104186262
1121402977
1054327253
1123535557
1121095513
1155790209
1155790207
1136302045
1157406411
1157407162
1048125775
1134689811
1134684629
1134680338
1094288189
1155702792
1155699592
1074699094
1088195561
1085547107
1104617174
1035872313
837081749
1014856832
789501283
1005293754
837065831
1008643045
1104186262
1121402977
1054327253
1123535557
1121095513
1155790209
1155790207
1136302045
1157406411
1048125775
1134689811
1134684629
1134680338
1094288189
1155699592
1074699094
1085547107
1104617174
1035872313
837081749
1014856832
1010546038
1157407162
1155702792
1088195561
1010546038
789501283
1005293754
837065831
1008643045
1104186262
1121402977
1054327253
1123535557
1121095513
1155790209
1155790207
1136302045
1157406411
1157407162
1048125775
1134689811
1134684629
1134680338
1094288189
1155702792
1155699592
1074699094
1088195561
1085547107
1010546038
789501283
1005293754
837065831
1008643045
1104186262
1121402977
1054327253
1123535557
1121095513
1155790209
1155790207
1136302045
1157406411
1157407162
1048125775
1134689811
1134684629
1134680338
1094288189
1155702792
1155699592
1074699094
1088195561
1085547107
1158747726
1158745869
1010546038
789501283
1005293754
837065831
1008643045
1104186262
1121402977
1054327253
1123535557
1121095513
1155790209
1155790207
1136302045
1157406411
1157407162
1048125775
1157407178
1134689811
1134684629
1134680338
1094288189
1155702792
1155699592
1074699094
1085547107
1104617174
1158747877
1158747877
1158747726
1158745869
1010546038
789501283
1005293754
837065831
1008643045
1104186262
1121402977
1054327253
1123535557
1121095513
1155790209
1155790207
1136302045
1157406411
1157407162
1048125775
1157407178
1134689811
1134684629
1134680338
1094288189
1155702792
1158747877
1158747726
1158745869
1010546038
789501283
1005293754
837065831
1008643045
1104186262
1121402977
1054327253
1123535557
1121095513
1155790209
1155790207
1136302045
1157406411
1157407162
1048125775
1157407178
1134689811
1134684629
1134680338
1094288189
1155702792
1155699592
1074699094
1085547107
1158750352
1158749254
1158750466
1158750459
1158749194
1158750350
1158750352
1158749187
1158748324
1158750342
1158748318
1158750322
1158750321
1158747877
1158747726
1158745869
1010546038
789501283
1005293754
837065831
1008643045
1104186262
1121402977
1054327253
1123535557
1121095513
1155790209
1155790207
1136302045
1158749254
1158750466
1158750459
1158749194
1158750350
1158750352
1158749187
1158748324
1158750342
1158748318
1158750322
1158750321
1158747877
1158747726
1158745869
1010546038
789501283
1005293754
837065831
1008643045
1104186262
1121402977
1054327253
1123535557
1121095513
1155790209
1155790207
1136302045
1158749254
1158750466
1158750459
1158749194
1158750350
1158750352
1158749187
1158748324
1158750342
1158748318
1158750322
1158750321
1158747877
1158747726
1158745869
1010546038
789501283
1005293754
837065831
1008643045
1104186262
1121402977
1054327253
1123535557
1121095513
1158749254
1158750466
1158750459
1158749194
1158750350
1158750352
1158749187
1158748324
1158750342
1158748318
1158750322
1158750321
1158747877
1158747726
1158745869
1010546038
789501283
1005293754
837065831
1008643045
1104186262
1121402977
1054327253
1123535557
1121095513
1158749254
1158750466
1158750459
1158749194
1158750350
1158750352
1158749187
1158748324
1158750342
1158748318
1158750322
1158750321
1158747877
1158747726
1158745869
1010546038
789501283
1005293754
837065831
1008643045
1104186262
1121402977
1054327253
1123535557
1121095513
1155790209
1155790207
1136302045
1158749254
1158750466
1158750459
1158749194
1158750350
1158750352
1158749187
1158748324
1158750342
1158748318
1158750321
1158750322
1158747877
1158747726
1158745869
1010546038
789501283
1005293754
837065831
1008643045
1104186262
1121402977
1054327253
1123535557
1121095513
145151604
145148895
145148893
145151583
145148885
145148875
145151057
145147802
1159214376
1159213397
1159441657
1159416398
1158810251
1138235243
1107888909
1159339775
878037616
953579482
953803325
1159170734
1157567587
1157564337
1157561729
1157560713
1157561406
1157560361
1157562139
1157558894
1157556706
145151604
145148895
145148893
145151583
145148885
145148875
145151057
145147802
1159214376
1159213397
1159441657
1159416398
1158810251
1138235243
1107888909
1159339775
878037616
953579482
953803325
1159170734
1157567587
1157564337
1157561729
1157560713
1157561406
1157560361
1157562139
1157558894
1157556706
145151604
145148895
145148893
145151583
145148885
145148875
145151057
145147802
1159214376
1159213397
1159441657
1159416398
1158810251
1138235243
1107888909
1159339775
878037616
953579482
953803325
1159170734
1157567587
1157564337
1157561729
1157560713
1157561406
1157560361
1157562139
1157558894
1157556706
145151604
145148895
145148893
145151583
145148885
145148875
145151057
145147802
1159214376
1159213397
1159441657
1159416398
1158810251
1138235243
1107888909
1159339775
878037616
953579482
953803325
1159170734
1157567587
1157564337
1157561729
1157560713
1157561406
1157560361
1157562139
1157558894
1157556706
145151604
145148895
145148893
145151583
145148885
145148875
145151057
145147802
1159214376
1159213397
1159441657
1159416398
1158810251
1138235243
1107888909
1159339775
878037616
953579482
953803325
1159170734
1157567587
1157564337
1157561729
1157560713
1157561406
1157560361
1157562139
1157558894
1157556706
1157556706
145151604
145148895
145148893
145151583
145148885
145148875
145151057
145147802
1159214376
1159213397
1159441657
1159416398
1158810251
1138235243
1107888909
1159339775
878037616
953579482
953803325
1159170734
1157567587
1157564337
1157561729
1157560713
1157561406
145151604
145148895
145148893
145151583
145148885
145151057
145147802
1159214376
1159213397
1159416398
1158810251
1107888909
878037616
953579482
953803325
1159170734
1157567587
1157564337
1157561729
1157560713
1157561406
1157560361
1157562139
1157558894
1157556706
145148875
1159441657
1138235243
1159339775
145151604
145148895
145148893
145151583
145148885
145148875
145151057
145147802
1159214376
1159213397
1159441657
1159416398
1158810251
1138235243
1107888909
1159339775
878037616
953579482
953803325
1159170734
1157567587
1157564337
1157561729
1157560713
1157561406
1157560361
1157562139
1157558894
1157556706
